3.658
4.796
2.699
4.377
2.959
2.77
4.495
4.921
2.699
4.292
4.097
4.553
4.796
4.553
4.481
3.523
7.77
4
3.77
3.585
2.149
2
2.921
4.658
3.046
5.222
4
4.119
6.161
4.699
3.174
5.004
5
4.509
3.886
4.276
3.432
3.495
5.041
3.658
5.337
4.26
3.495
4.523
4.102
3.77
3.62
3
4.658
4.77
4.301
4.602
3.796
5.319
4.004
2.921
3.161
4.022
3.886
4.367
4.201
3
4.161
2.301
2.77
3.495
3.824
3
4
3.215
4.62
5.041
4.569
3
3.602
3.553
4
5.456
4
3.796
3.796
3.229
5.222
4.721
2.398
2.051
4.155
3.301
3.202
2.301
5.06
3.097
5.77
3
2.939
2.301
4
6.041
3
6.553
3.824
2.276
6.538
2.886
4.456
4.097
4
5.638
4.388
3.509
3.18
6.886
3
4.745
4.824
3.456
4.086
4.553
3.699
2.959
5.854
