7.745
9
6.509
8.222
7.699
7.886
8.77
7.745
7
7.432
7.523
7.553
7.959
7.523
7.495
6.77
10.328
8.523
7.569
7.569
6.18
6.18
6.125
7.886
5.301
9.301
9.222
8.523
8.62
9
6.569
9.097
8.699
7.432
7.201
7.456
7.292
9
8.854
9.222
8.523
9.699
6.347
8.222
6.125
6.699
10
7.854
7.854
7.854
7
7.481
8.051
8.102
8.022
7.108
8.187
6.367
8
9.237
6.699
5.796
7.125
6.699
6.131
7.854
7.319
6.921
8.854
7.155
8
7.854
7.523
8.886
7.523
5.699
5.699
8.398
8.481
7.432
7.432
6.699
9.328
8.222
5.745
6.886
9.301
7.301
6.796
7
11.086
6.292
7.222
6.886
5.77
6.796
7.886
8.523
7.328
7.678
6.432
5.377
7.432
7.187
6.469
7.745
8.222
8.699
7.108
5.377
7.097
8.097
7.143
5.721
7.523
7.237
7.678
7.167
6.602
5.824
7.721
