0.018
0.001
0.31
0.006
0.02
0.013
0.0017
0.018
0.1
0.037
0.03
0.028
0.011
0.03
0.032
0.17
0.000047
0.003
0.027
0.027
0.66
0.66
0.75
0.013
5
0.0005
0.0006
0.003
0.0024
0.001
0.27
0.0008
0.002
0.037
0.063
0.035
0.051
0.001
0.0014
0.0006
0.003
0.0002
0.45
0.006
0.75
0.2
0.0001
0.014
0.014
0.014
0.1
0.033
0.0089
0.0079
0.0095
0.078
0.0065
0.43
0.01
0.00058
0.2
1.6
0.075
0.2
0.74
0.014
0.048
0.12
0.0014
0.07
0.01
0.014
0.03
0.0013
0.03
2
2
0.004
0.0033
0.037
0.037
0.2
0.00047
0.006
1.8
0.13
0.0005
0.05
0.16
0.1
0.0000082
0.51
0.06
0.13
1.7
0.16
0.013
0.003
0.047
0.021
0.37
4.2
0.037
0.065
0.34
0.018
0.006
0.002
0.078
4.2
0.08
0.008
0.072
1.9
0.03
0.058
0.021
0.068
0.25
1.5
0.019
