Run semi-empirical minimization
 &qmmm
    qm_theory='AM1', grms_tol=0.0005,
 scfconv=1.d-10, ndiis_attempts=700,   qmcharge=0,
 /
   6    C1       13.5220        5.5070       52.7410 
   6    C2       12.7430        4.3190       52.7570 
   7    N3       13.2040        3.1260       53.2450 
   6    C4       14.4420        3.0420       53.7610 
   6    C5       15.2900        4.1590       53.8070 
   6    C6       14.8900        5.3980       53.3120 
   6    C7       15.7930        6.5860       53.3840 
   8    O8       17.0390        6.4140       53.4900 
   8    O9       15.2490        7.7260       53.3830 
   7   N10       13.0940        6.7150       52.2520 
   6   C11       11.7620        6.9330       51.7140 
   6   C12       11.4650        8.3920       51.3430 
   6   C13       12.0330        9.3710       52.3720 
   6   C14       11.4280       10.7620       52.3280 
   6   C15        9.9950       10.6090       52.7680 
   6   C16        9.2750        9.6780       51.8020 
   6   C17        9.9970        8.5920       51.1190 
   6   C18        9.2690        7.8130       50.1970 
   6   C19        7.8900        8.0210       49.9590 
   6   C20        7.2270        9.0720       50.6220 
   6   C21        7.9320        9.8870       51.5320 
   8   O22        5.8840        9.3650       50.4380 
   6   C23        5.2130        8.7820       49.2890 

